1000 9872
660 3
733 595
843 768
795 748
542 107
284 367
820 841
473 418
436 82
972 956
589 973
498 823
650 136
281 811
711 481
163 557
535 855
458 409
189 279
506 397
217 982
34 548
144 535
294 973
537 565
740 277
801 511
369 99
861 551
189 106
85 388
766 892
912 411
530 102
240 910
22 842
886 53
635 375
429 972
141 88
519 984
883 817
644 881
918 368
259 149
321 636
570 880
420 96
814 176
10 696
322 862
895 15
257 773
404 988
611 988
44 459
995 637
304 341
602 825
822 766
128 534
455 815
838 150
482 651
232 714
455 903
862 638
810 989
987 475
436 579
788 664
910 382
828 681
870 52
963 338
90 970
197 918
309 364
783 798
776 931
724 601
980 707
898 586
846 172
258 941
336 469
409 559
177 571
587 780
950 414
366 81
8 567
704 820
669 318
273 878
413 480
458 731
350 581
815 645
658 293
484 907
359 777
858 152
990 629
521 328
830 450
263 755
303 326
125 536
398 110
275 225
305 144
472 241
90 288
75 444
204 792
946 553
468 869
325 572
1 191
71 72
436 507
464 516
161 548
71 217
532 541
645 282
245 230
227 295
820 272
491 106
398 938
139 534
676 503
269 903
677 26
914 444
109 584
314 528
739 337
410 509
391 500
504 894
960 177
64 486
65 125
330 361
336 998
867 578
527 734
615 49
541 910
603 553
434 522
864 443
148 364
336 516
618 230
656 471
876 690
2 761
420 969
157 411
730 591
430 657
489 443
987 340
806 808
963 715
81 225
137 727
980 743
91 8
368 915
845 159
721 913
774 165
407 221
449 758
432 996
204 957
133 948
405 575
172 573
85 459
216 662
656 915
911 325
381 432
589 107
122 576
696 783
414 566
761 879
411 860
506 338
240 266
223 211
995 138
605 711
252 673
752 133
494 610
186 787
338 778
874 1000
156 959
359 608
549 688
87 721
456 833
626 293
201 648
277 861
705 914
545 969
305 556
412 320
344 54
531 266
970 342
681 153
402 426
316 164
597 21
926 492
354 779
362 422
161 945
849 952
838 370
204 625
979 494
960 511
377 35
145 357
808 163
810 502
679 736
404 694
166 573
880 4
871 376
619 227
505 327
527 540
822 900
143 871
383 418
365 851
741 860
830 743
311 406
69 95
70 296
1 471
818 813
101 590
317 641
556 502
224 119
997 644
893 851
966 641
14 786
805 525
935 594
846 232
561 25
374 892
609 501
612 956
484 271
820 673
694 142
607 919
721 876
498 479
869 188
979 596
603 320
716 545
608 186
536 391
693 379
152 514
726 398
284 661
67 31
603 497
750 256
521 422
439 711
315 989
372 666
108 960
788 33
989 789
151 724
100 44
302 864
215 749
961 345
848 662
247 60
748 519
855 829
60 513
976 378
378 172
967 180
143 278
204 800
613 716
84 510
571 996
492 107
189 412
991 67
759 167
562 545
123 705
515 749
661 951
352 557
553 857
580 909
27 7
596 956
984 34
412 731
252 794
736 643
168 111
408 670
304 543
808 681
163 340
808 159
311 372
115 623
980 133
50 254
16 50
382 187
776 588
795 312
672 557
451 510
680 232
384 421
239 391
75 750
318 786
15 790
179 700
606 757
115 826
171 636
542 541
301 241
825 527
219 872
680 262
662 170
386 401
50 514
474 342
295 356
171 282
137 670
303 538
194 601
690 626
440 237
50 661
698 89
863 865
609 642
572 626
849 147
99 972
553 973
871 518
674 478
750 685
785 991
812 637
111 125
264 955
233 775
930 167
492 628
276 789
367 569
584 621
161 467
308 102
916 357
902 848
599 254
929 982
414 526
695 651
678 850
543 983
433 844
251 197
267 509
181 690
916 699
994 679
616 141
256 527
446 270
132 1000
71 103
865 690
187 938
260 182
706 386
890 359
910 8
415 618
252 600
291 600
69 766
826 795
259 502
202 538
785 595
878 623
501 884
64 253
321 706
429 454
178 77
253 647
967 335
735 819
350 343
724 448
83 312
182 572
348 812
168 218
477 112
631 659
496 840
447 904
174 80
413 744
564 122
70 225
771 158
339 128
895 415
589 800
586 868
888 423
763 889
712 757
585 73
768 551
749 838
872 548
598 917
158 870
286 187
123 818
381 103
625 969
516 648
524 179
585 427
857 62
115 52
958 600
725 425
197 550
73 616
976 887
885 713
393 913
51 845
712 177
316 824
760 669
122 698
450 245
983 477
753 500
355 848
82 520
892 25
838 733
647 763
315 882
195 712
638 636
753 214
950 552
425 179
562 820
121 737
545 194
787 928
507 859
750 133
972 135
991 229
19 475
959 923
283 170
65 464
782 128
14 46
363 376
661 781
118 226
130 682
57 634
424 403
925 569
623 716
936 270
294 712
669 564
448 184
931 878
108 242
952 632
936 413
4 437
705 320
966 177
782 725
75 584
650 870
79 896
390 565
301 390
107 443
935 843
645 733
658 600
625 651
220 105
520 227
455 786
187 80
101 442
619 437
676 948
775 239
702 908
561 508
275 610
976 565
6 790
353 554
573 898
54 2
368 773
495 116
333 121
870 416
447 497
837 697
862 685
202 864
940 182
392 484
363 907
932 978
937 840
683 348
455 581
603 5
812 271
321 300
881 741
450 72
488 299
553 905
65 541
946 744
428 663
565 114
397 672
857 172
232 122
345 64
807 874
520 316
313 546
113 790
761 584
8 16
27 284
908 643
726 926
844 493
437 897
921 824
204 908
942 614
249 269
529 323
433 630
655 263
382 595
128 341
38 271
294 869
614 878
101 905
856 402
359 321
913 61
108 71
718 824
809 124
277 574
278 233
316 20
255 1
313 990
614 584
80 831
476 193
774 792
166 653
523 134
31 769
343 531
182 407
590 528
206 631
84 893
214 804
548 12
742 613
684 700
685 149
177 390
242 612
645 979
196 117
932 641
550 848
864 55
718 150
168 750
902 297
244 281
245 960
289 814
641 49
446 561
349 930
579 349
931 472
509 828
63 197
670 55
584 436
347 318
114 31
502 606
798 923
100 173
802 454
696 701
787 358
560 284
801 6
753 269
950 609
165 407
919 722
958 172
517 231
212 598
88 732
752 579
169 893
976 379
780 212
963 647
622 904
750 189
588 40
956 791
330 776
299 438
367 759
100 914
449 142
178 836
895 977
416 817
311 544
701 376
333 788
482 206
729 119
531 297
550 71
712 775
937 2
246 142
178 166
326 118
628 914
594 250
847 220
981 314
371 143
474 864
736 627
718 647
813 657
528 271
102 596
291 251
438 894
809 378
503 936
931 811
550 515
982 491
758 934
819 734
568 862
56 590
918 150
385 189
573 580
703 533
942 544
215 223
388 667
405 803
813 230
779 90
675 157
508 186
346 269
219 9
208 294
172 129
681 925
768 920
16 669
881 513
653 206
901 724
671 510
565 871
416 290
556 660
952 340
425 436
578 658
959 51
891 345
907 732
466 644
51 526
134 859
769 659
238 224
114 402
811 120
831 201
854 446
234 779
143 87
403 506
651 544
47 939
200 774
274 117
94 370
496 173
46 562
368 503
425 112
152 984
190 816
341 428
307 116
734 333
188 305
834 383
168 602
990 106
916 777
840 847
94 48
162 839
895 811
752 43
744 544
311 298
267 965
991 324
478 297
425 675
300 569
446 843
443 744
787 969
474 836
457 18
203 676
866 942
975 240
162 791
486 999
335 198
585 255
55 199
813 407
597 512
361 488
894 194
988 131
93 801
611 700
153 500
979 832
103 328
813 532
608 918
861 316
316 44
112 741
441 305
875 640
91 433
300 259
332 957
703 670
79 400
751 7
241 509
737 464
721 939
439 616
578 980
444 898
604 864
589 244
993 703
959 454
191 40
285 51
513 976
697 179
825 998
848 449
920 974
960 779
990 180
838 812
290 730
276 884
838 959
967 857
289 274
915 66
129 713
628 530
579 849
617 422
69 771
179 383
470 322
450 694
325 570
472 98
554 32
493 756
442 774
795 822
216 103
516 100
554 179
294 894
135 702
355 380
598 296
302 341
468 69
726 631
515 804
994 29
23 5
944 810
835 823
452 593
438 516
502 658
352 325
552 118
6 686
970 101
790 216
751 787
546 820
656 156
895 45
615 930
589 515
871 52
509 211
610 318
409 973
653 338
989 218
37 765
663 665
331 912
775 835
372 204
245 634
999 289
953 633
371 12
319 340
262 648
767 571
55 751
3 848
427 12
923 899
85 600
711 756
896 53
401 617
309 96
497 192
461 357
688 183
599 332
56 193
898 846
228 455
247 421
324 946
756 605
631 323
83 857
262 632
925 472
640 296
551 2
20 442
675 449
778 746
119 28
929 782
507 870
705 999
905 229
411 124
1 178
400 491
477 755
244 738
246 48
122 2
486 611
311 588
839 681
575 767
818 864
586 260
145 458
273 157
455 685
477 917
574 317
870 596
390 268
109 554
229 316
41 794
27 859
157 904
624 189
801 257
992 945
794 235
830 741
852 421
514 250
691 292
245 316
118 570
230 416
418 822
2 953
793 930
775 790
107 631
129 58
439 797
645 978
606 433
577 932
121 608
49 195
693 554
908 259
162 418
436 517
861 356
257 414
883 371
484 265
285 296
432 164
231 556
237 559
842 659
45 424
176 345
640 200
586 668
781 869
703 807
959 393
781 921
727 189
656 610
159 561
4 758
746 489
761 49
837 958
289 248
213 153
405 706
529 744
462 909
985 288
927 717
890 169
440 235
43 966
834 967
356 263
32 437
804 819
18 248
866 468
904 233
985 155
502 1000
798 709
732 657
569 822
950 896
347 765
630 404
117 719
229 753
995 902
906 914
783 337
877 342
716 992
669 586
746 213
322 599
677 79
473 545
577 427
814 296
136 655
981 313
287 360
92 720
473 594
166 607
762 200
448 784
909 189
343 577
736 483
222 966
225 98
300 884
303 515
953 870
757 452
102 187
693 876
859 540
533 124
182 227
709 242
620 979
789 170
58 420
7 29
873 505
486 260
197 959
736 47
256 189
712 8
585 286
859 939
689 353
328 817
385 350
629 589
501 942
337 69
121 862
656 575
451 733
312 261
539 966
573 918
544 944
671 505
52 335
164 897
484 914
506 694
588 758
932 890
919 640
725 721
330 194
13 757
341 216
949 409
844 193
826 596
612 101
706 254
377 556
892 213
243 457
454 984
881 76
493 894
8 90
248 831
360 973
198 477
934 33
458 358
131 978
669 780
563 313
526 175
549 886
436 401
222 102
403 584
13 463
852 793
75 583
216 59
198 255
571 883
682 312
733 320
317 771
305 763
537 944
4 467
923 175
377 901
577 288
541 645
68 445
6 639
233 395
788 581
949 419
365 938
780 33
174 304
234 103
901 883
168 393
229 288
72 229
769 129
543 83
286 200
750 621
256 107
385 265
723 311
154 582
750 732
57 369
348 432
480 632
105 302
414 846
57 83
333 262
685 561
88 631
893 462
881 270
184 74
845 427
140 933
794 859
190 96
742 573
824 154
143 426
220 783
184 762
796 320
502 929
640 764
473 93
146 13
517 42
535 954
51 319
462 39
963 606
485 782
749 49
752 283
56 354
832 387
80 408
192 866
321 898
875 487
985 171
705 36
545 915
430 399
217 322
164 351
403 981
832 161
740 618
580 967
573 934
732 650
714 141
753 737
187 263
739 338
30 602
669 875
572 146
757 306
452 880
127 950
864 336
917 714
847 393
244 242
210 958
905 870
603 957
583 387
235 273
399 696
257 151
83 165
984 600
292 959
998 9
232 440
619 324
379 699
732 125
128 787
21 72
81 853
814 655
395 271
896 232
551 358
241 527
632 168
762 824
244 426
750 590
950 462
347 167
789 964
719 647
690 643
335 654
533 172
988 676
60 939
612 328
816 893
601 761
376 708
251 816
824 344
150 826
935 124
996 126
32 315
730 910
752 714
346 919
648 917
66 22
765 664
34 760
114 298
382 594
134 583
251 143
863 396
96 912
192 735
191 515
15 606
97 598
443 590
743 763
670 695
830 826
922 656
481 352
909 438
838 356
87 816
400 138
738 72
799 713
942 326
264 425
218 525
87 929
575 988
154 472
301 343
28 561
197 390
35 375
663 105
776 595
118 648
448 932
413 686
453 659
144 429
571 502
741 938
84 895
666 99
127 827
665 238
991 962
667 904
779 338
138 342
654 694
89 848
733 135
900 786
153 435
712 926
654 801
107 596
954 71
519 413
154 527
138 392
946 190
931 333
110 324
347 18
650 303
299 151
809 171
176 346
270 564
769 491
793 285
722 333
428 448
897 335
668 526
502 604
963 986
532 45
555 132
593 73
811 30
105 631
712 425
719 101
570 971
609 807
646 364
243 737
725 956
326 448
47 913
322 144
126 954
198 615
95 997
385 942
388 27
550 155
592 173
131 315
994 369
517 997
27 250
655 500
623 544
666 991
669 728
374 70
892 519
51 97
990 908
173 373
41 91
518 999
869 817
643 178
637 992
921 564
756 432
546 923
25 296
620 8
474 878
182 599
173 368
856 142
607 419
314 838
374 514
606 760
883 405
598 908
654 658
931 11
475 135
3 636
43 443
206 21
102 922
767 924
515 473
332 409
633 408
143 73
870 415
618 613
621 795
968 147
732 468
958 562
135 265
360 483
507 372
696 999
271 889
497 830
552 481
180 261
532 82
418 398
890 686
648 990
423 880
371 515
835 368
426 754
532 176
165 393
4 777
742 308
562 783
993 580
360 959
697 480
538 25
169 863
232 573
374 128
467 542
484 576
70 649
677 447
915 262
386 712
226 907
707 610
891 903
268 740
910 15
386 577
187 540
761 503
100 519
709 639
675 803
624 905
201 680
458 89
297 221
351 918
444 20
49 620
356 888
729 194
344 864
291 955
735 828
684 834
338 386
230 700
93 236
278 6
960 169
802 644
196 651
482 932
14 572
606 954
177 1
197 239
607 532
370 533
63 714
338 55
548 70
235 453
272 329
560 956
894 83
595 252
54 906
129 97
646 718
243 127
708 403
945 967
819 986
642 801
224 784
229 1
171 731
932 554
719 674
690 996
565 712
640 177
480 1000
65 628
447 188
345 478
143 151
682 935
316 745
703 975
943 666
74 951
977 332
433 796
734 610
612 26
804 884
825 311
991 230
955 948
133 272
523 648
731 557
240 192
592 373
373 812
148 102
969 621
307 82
572 478
222 67
654 236
565 479
804 697
455 715
505 62
103 135
329 232
792 996
575 955
156 539
984 396
71 392
538 367
442 440
740 841
463 482
887 744
527 693
187 484
172 368
28 716
799 186
192 2
324 218
605 119
422 891
392 826
500 827
992 467
298 588
150 421
764 591
637 311
784 431
96 375
471 488
720 444
8 181
495 486
547 777
263 412
696 565
181 51
122 687
440 499
833 620
707 87
272 896
683 494
902 799
851 965
691 536
929 915
420 514
243 693
446 378
782 240
617 205
507 888
113 225
796 468
445 34
709 789
566 714
473 648
769 788
535 633
576 630
498 684
265 533
640 999
439 487
678 99
302 794
351 857
27 63
66 987
639 394
297 474
719 482
938 647
443 815
602 906
209 961
84 43
555 131
213 905
235 65
329 132
455 572
918 316
593 859
10 809
567 607
457 40
274 910
314 675
614 478
425 522
814 236
463 454
357 591
49 406
735 746
857 527
487 508
608 643
789 434
936 154
24 628
277 142
441 842
675 458
561 307
447 594
775 579
470 657
641 763
932 430
813 477
693 647
469 947
936 952
996 584
577 954
698 222
497 567
115 64
388 674
387 881
46 534
305 424
806 840
845 814
537 197
756 511
522 275
134 85
928 710
980 775
68 985
987 37
720 924
96 386
632 308
501 889
963 76
55 867
824 390
698 419
220 547
70 336
668 527
209 310
694 863
623 111
73 775
882 23
472 911
510 959
367 530
522 855
523 498
800 861
450 986
469 110
74 606
517 208
639 847
385 941
960 300
22 577
578 113
619 647
963 537
782 127
288 271
967 65
805 294
865 539
442 828
479 379
1000 530
711 60
865 628
377 82
984 38
72 672
496 320
278 136
745 863
61 922
528 755
516 684
14 694
182 596
991 754
84 958
413 941
802 720
135 836
236 951
516 756
811 864
775 884
797 988
764 657
121 767
194 724
326 370
79 264
742 120
102 923
125 90
237 640
201 442
793 222
466 974
820 641
881 949
219 10
755 108
438 296
42 513
727 409
580 1
394 130
414 193
381 274
293 912
295 70
190 360
601 647
945 533
414 848
660 8
935 438
773 279
226 580
191 134
817 595
506 692
858 129
307 957
308 98
716 295
788 180
15 101
826 594
381 248
13 580
380 419
405 829
717 988
403 364
260 35
104 421
892 326
40 973
403 733
59 892
464 541
784 572
602 351
146 201
517 470
465 815
890 210
819 210
863 773
588 813
238 658
117 451
412 571
221 271
909 78
700 437
296 915
141 309
164 106
934 626
205 578
11 777
717 677
54 873
400 768
372 68
140 834
474 532
382 437
519 710
764 693
12 260
314 601
73 306
145 877
811 524
931 490
538 559
500 855
29 711
871 832
660 351
399 501
954 124
767 512
977 454
760 818
290 503
418 288
347 202
185 55
564 529
142 761
927 609
307 616
57 81
591 532
932 145
359 772
267 666
958 858
364 339
57 194
419 807
497 59
189 453
135 591
241 258
599 158
507 238
755 388
782 277
212 194
490 855
180 175
751 688
958 506
670 462
178 952
661 777
960 714
122 237
840 944
671 414
326 403
18 992
75 145
986 174
151 220
744 704
191 719
965 760
786 477
738 150
995 272
559 176
263 614
748 15
99 742
92 747
2 287
421 711
888 634
631 706
102 404
268 126
552 177
448 674
115 555
116 272
353 98
904 590
27 737
583 584
514 277
571 492
719 220
903 485
447 569
469 813
252 572
718 412
97 470
970 136
604 259
325 302
733 161
441 481
97 327
140 757
876 687
219 852
954 161
917 27
667 716
618 114
67 264
855 355
250 926
987 171
695 154
733 835
3 708
798 129
233 929
932 591
220 681
444 929
746 353
949 140
56 853
720 332
538 629
722 502
413 479
159 751
43 78
869 502
13 682
315 114
142 822
941 826
489 192
507 138
694 658
843 884
665 904
136 90
229 585
125 680
217 130
253 194
327 189
47 172
449 53
804 591
705 6
979 483
768 533
69 407
786 449
334 517
887 683
834 469
784 802
503 674
838 740
211 171
840 537
732 543
308 803
457 47
188 841
482 618
550 539
809 403
853 570
289 599
474 605
129 398
883 443
453 849
832 843
842 444
755 885
903 239
874 109
983 861
713 169
332 625
958 645
499 160
170 303
2 585
116 863
501 983
7 216
655 540
252 175
942 730
774 122
685 853
209 164
449 725
195 473
705 917
570 247
294 287
42 332
632 420
216 631
938 258
8 323
800 751
752 744
461 124
475 519
5 122
924 832
151 830
131 152
778 653
339 593
565 195
807 778
576 548
459 779
446 742
229 766
882 925
312 646
611 490
189 64
1 842
678 140
778 244
966 139
35 567
273 382
301 296
926 452
613 330
70 111
648 301
44 590
706 639
338 514
451 596
571 423
365 818
421 608
171 853
761 21
62 786
723 478
733 455
978 494
10 556
111 708
497 752
877 475
704 354
465 338
428 98
529 905
310 606
751 404
993 836
587 774
567 102
914 980
444 779
376 945
431 803
654 946
513 46
480 607
102 762
621 938
961 768
640 215
141 950
384 917
831 147
285 43
215 942
897 425
510 766
312 205
635 995
835 229
301 705
820 855
994 825
882 56
665 550
189 416
850 538
198 566
353 731
678 748
971 370
441 695
485 646
507 178
568 579
810 79
955 600
406 530
373 677
530 190
721 665
695 932
50 215
850 654
351 242
502 122
31 752
442 721
278 331
479 350
61 548
50 298
878 624
387 65
151 40
62 605
744 628
321 709
909 508
182 646
535 390
946 874
637 892
16 388
804 357
644 782
352 300
278 4
575 790
27 772
834 833
31 820
533 530
109 640
414 960
849 677
921 304
649 737
836 933
249 773
69 18
759 327
884 937
370 200
407 582
980 388
747 147
676 925
269 545
257 57
701 874
903 166
711 979
410 457
84 544
736 95
431 344
700 236
896 271
806 774
519 487
417 175
765 77
505 815
822 60
860 359
823 877
264 568
814 592
205 181
831 136
113 703
774 66
6 472
232 983
167 47
109 476
789 752
424 604
163 106
285 849
534 812
299 669
593 253
930 537
324 888
734 755
113 251
564 463
522 767
639 690
98 557
41 503
613 527
445 194
765 836
490 630
435 139
250 150
112 155
848 559
282 141
404 664
904 736
528 316
249 594
783 680
844 906
685 394
649 652
712 568
253 904
609 144
457 131
760 292
709 405
369 85
732 858
903 373
797 786
908 397
399 554
650 724
832 671
509 59
406 648
733 209
628 57
332 590
790 660
633 485
543 48
600 538
638 118
803 737
721 755
828 570
392 538
780 949
164 397
713 494
806 701
884 321
299 61
7 772
390 148
17 780
876 989
866 291
586 962
494 40
111 803
686 682
247 304
432 617
558 323
80 59
320 714
47 521
485 508
802 302
471 697
494 266
492 786
247 86
998 682
52 32
536 877
848 207
597 332
462 313
899 694
307 447
645 70
354 139
468 903
78 918
752 137
310 635
364 71
368 130
313 775
173 615
637 400
109 917
274 746
24 809
424 3
758 2
580 806
700 399
41 798
60 46
406 6
943 869
946 11
688 548
567 601
623 973
368 927
887 968
208 594
504 15
267 349
486 931
838 148
70 290
41 568
336 952
15 824
770 31
607 622
59 76
900 910
278 814
63 524
909 968
515 337
920 479
719 977
41 730
444 753
563 637
315 611
457 618
665 13
993 936
336 373
79 423
500 648
432 856
784 397
569 617
660 272
453 766
223 744
225 631
980 769
216 858
313 20
854 693
413 49
622 337
349 207
676 617
972 768
378 50
362 56
480 914
190 221
697 239
39 40
706 560
640 409
994 971
523 500
816 634
891 158
1 637
833 591
753 145
75 493
493 918
497 339
616 151
29 276
490 940
570 552
351 153
393 505
658 55
914 77
164 444
420 774
722 942
924 406
541 647
610 207
386 773
702 342
887 281
914 542
640 884
849 926
667 45
802 511
671 621
509 452
109 522
795 385
634 411
502 475
784 926
69 172
522 965
736 487
248 193
250 531
827 129
364 649
253 801
235 474
867 785
432 102
798 316
124 673
965 277
713 324
641 487
534 362
582 922
228 839
506 865
894 276
76 403
568 906
315 529
337 953
263 337
821 359
966 784
937 890
313 48
167 949
59 532
392 999
229 204
820 929
104 756
95 663
121 277
704 862
945 612
427 189
215 798
271 24
509 573
458 561
77 793
740 175
483 222
122 898
730 69
590 474
483 47
873 579
325 688
626 96
398 4
682 115
47 370
649 74
743 862
928 31
337 592
495 855
568 889
946 399
527 158
506 118
108 486
937 208
613 635
908 983
416 705
735 936
772 166
887 765
533 788
586 344
880 117
722 872
151 408
871 297
619 784
231 206
474 833
709 834
831 911
853 671
178 425
383 352
280 681
832 918
525 397
967 142
935 818
827 173
921 160
435 9
818 360
567 167
625 882
440 926
681 544
738 435
775 858
907 162
304 125
323 811
589 572
400 544
148 198
974 206
647 156
741 705
633 456
910 886
567 69
368 799
388 612
907 384
215 111
972 618
864 867
2 526
842 806
901 307
793 474
826 768
566 161
15 421
897 436
275 8
6 360
446 99
12 985
587 611
414 989
952 484
274 176
699 625
792 269
77 829
613 987
636 44
910 349
507 224
713 781
368 298
440 167
169 815
906 396
946 593
69 782
821 831
611 327
494 585
990 937
943 268
857 203
144 618
626 312
666 995
728 243
795 781
544 11
156 961
624 857
273 27
264 290
363 156
127 207
348 744
151 79
210 521
857 790
162 868
195 83
165 895
649 546
409 261
887 630
678 439
791 140
561 15
207 69
615 840
850 347
742 341
675 284
234 71
823 61
920 452
194 761
546 386
508 281
695 103
883 255
189 946
889 594
508 136
73 701
157 261
693 499
288 568
958 969
924 553
394 344
785 921
794 955
24 245
632 394
315 950
929 182
344 821
293 551
242 145
116 650
800 709
484 854
860 537
9 193
557 599
816 607
179 305
659 251
57 845
259 649
599 301
801 350
211 778
605 976
678 900
511 861
117 758
498 600
100 72
601 185
895 571
118 192
411 409
718 915
852 861
304 667
568 268
307 288
109 916
376 427
596 346
174 944
914 411
476 296
973 956
408 568
796 923
943 868
308 813
990 321
266 518
103 88
624 257
951 430
927 721
249 828
196 349
822 697
110 767
37 523
224 14
560 1000
999 499
922 122
414 447
417 393
749 776
837 254
41 729
6 869
339 412
395 204
896 662
219 178
457 617
779 52
907 123
858 487
147 446
21 473
262 29
637 73
30 9
219 80
935 318
774 120
30 408
789 853
721 7
149 502
891 435
159 717
536 172
720 185
393 141
886 938
547 620
753 263
592 899
61 704
607 612
433 857
159 995
974 793
648 772
556 652
800 975
468 821
655 67
658 421
130 586
187 903
242 486
501 299
545 893
147 713
477 722
479 356
282 800
246 17
254 110
661 955
274 700
648 497
98 24
120 576
616 453
523 947
335 780
805 5
992 628
684 858
804 248
248 484
546 919
128 841
841 369
762 213
49 294
545 697
451 598
217 127
439 41
950 251
981 959
923 484
671 642
429 19
983 684
658 523
418 740
323 787
187 33
979 61
439 207
799 127
767 705
551 718
552 312
805 554
989 285
81 768
693 521
140 703
860 238
201 447
479 704
776 911
462 310
500 749
319 363
730 526
698 996
774 213
479 593
685 806
638 798
949 849
987 2
664 223
902 41
929 141
418 394
704 863
191 131
213 327
967 994
271 27
474 149
717 247
5 203
517 290
336 158
635 850
267 704
768 299
72 890
472 70
189 303
669 997
262 581
216 371
89 235
644 293
169 835
958 477
62 150
924 213
144 527
506 864
109 169
22 608
919 466
478 102
479 459
445 103
142 185
558 513
169 443
282 772
924 507
433 432
403 956
813 973
853 444
516 933
326 84
535 384
205 797
518 854
10 797
476 272
387 353
83 430
466 474
763 528
654 417
92 288
594 990
280 682
4 294
945 136
174 202
323 524
984 722
912 95
987 565
839 556
664 720
974 813
150 179
615 5
324 226
249 83
262 296
671 900
528 158
103 326
654 882
489 54
606 619
275 591
543 94
686 585
34 186
555 516
244 71
150 524
483 545
297 354
289 1000
676 716
147 502
275 301
557 319
389 349
613 654
52 365
52 441
592 670
401 595
342 454
894 531
196 624
220 998
708 851
966 20
659 482
165 472
646 153
479 248
264 999
962 194
191 308
801 192
360 880
512 157
463 660
234 702
773 955
702 19
226 824
173 863
139 979
891 54
454 840
200 951
240 196
536 561
320 642
185 402
620 287
123 273
112 14
47 593
978 993
80 556
615 532
62 492
193 323
587 63
109 943
496 316
558 908
511 355
305 794
222 865
814 357
691 154
362 364
316 365
524 778
597 716
420 275
520 929
337 427
238 612
380 527
208 983
384 510
607 628
865 125
367 938
192 449
837 511
90 660
749 803
3 555
187 483
615 190
504 322
182 95
954 172
9 743
497 53
162 11
256 76
243 204
222 637
889 706
980 751
195 81
656 749
161 193
562 436
441 464
203 586
738 809
997 44
409 531
690 900
530 689
969 953
343 174
955 552
884 498
650 22
688 173
446 141
980 973
133 973
910 655
693 5
677 640
34 642
460 168
337 563
504 423
624 521
217 997
717 784
22 718
665 909
388 44
616 189
936 815
265 319
104 337
300 209
341 12
804 916
197 140
700 581
226 988
655 415
843 87
471 782
244 744
498 680
654 93
420 883
293 203
888 955
818 794
847 677
773 706
869 873
619 842
156 708
587 168
917 535
481 69
919 627
374 828
452 706
19 821
485 791
210 780
1 303
899 274
738 278
153 148
437 171
943 581
858 851
729 585
841 309
844 418
300 172
393 534
529 930
70 450
54 967
76 651
918 892
41 728
758 639
871 822
980 557
504 350
175 781
931 227
701 181
534 332
572 759
42 902
426 505
153 295
447 397
591 168
756 507
981 23
618 484
531 551
414 233
362 550
368 951
95 556
59 522
977 3
869 53
990 341
30 409
988 645
461 259
816 798
800 627
836 337
513 786
381 620
310 552
794 877
856 906
692 304
51 424
731 474
713 891
436 246
275 176
539 655
164 508
401 250
702 88
354 314
796 389
468 822
514 882
398 217
146 78
951 856
882 727
773 772
942 645
908 557
217 268
24 54
744 539
709 535
527 858
14 267
457 494
352 660
903 763
406 433
407 1000
767 342
892 738
45 416
439 443
715 754
170 924
446 987
156 607
303 664
452 806
221 127
170 815
892 960
767 212
948 441
883 491
205 555
900 989
773 618
768 595
197 135
839 728
898 170
877 562
139 18
822 309
880 614
898 349
632 7
150 502
727 392
321 696
487 595
570 453
382 383
704 711
358 708
768 992
452 265
570 436
328 823
202 848
391 670
696 514
100 490
797 273
90 128
642 747
649 285
480 944
963 957
622 226
471 754
664 510
480 815
464 356
851 784
636 10
967 577
582 992
731 294
344 785
274 221
13 576
691 797
843 817
973 430
238 7
631 182
547 765
104 425
674 525
192 224
490 416
339 115
1000 739
169 124
703 507
961 200
946 284
305 620
912 404
252 967
454 145
780 510
481 419
931 513
766 723
671 579
433 145
197 456
474 847
553 160
718 746
705 493
634 445
230 256
654 422
303 700
951 352
304 273
433 115
93 905
420 335
538 54
296 693
228 688
802 611
31 87
16 820
572 857
521 985
684 643
575 871
581 5
732 151
258 968
82 444
410 583
331 558
858 557
270 727
200 143
721 787
667 661
638 936
803 373
471 451
510 575
976 879
738 770
979 532
599 967
926 13
786 736
413 591
665 741
377 775
29 918
623 50
150 990
981 756
672 920
761 820
582 957
345 338
151 300
807 24
647 755
670 272
229 960
924 186
858 16
454 943
626 84
901 100
705 867
463 663
924 139
877 101
473 167
207 658
239 488
49 848
122 134
14 54
809 878
900 51
905 323
890 131
356 571
196 784
322 503
969 528
37 64
134 782
947 105
201 847
854 799
735 910
395 329
44 755
444 53
521 34
389 724
822 774
933 407
667 23
979 297
147 822
709 368
377 255
602 960
308 843
292 112
403 672
98 291
556 554
139 61
982 799
326 851
311 650
188 784
852 625
600 336
582 160
489 247
440 973
183 111
810 791
435 12
338 20
586 830
477 511
319 460
102 980
957 806
157 402
196 168
537 719
113 381
955 210
660 435
814 627
485 263
893 138
259 860
612 374
155 927
318 505
980 974
821 462
215 851
643 994
163 748
890 739
584 382
566 306
990 606
638 127
886 543
796 307
130 371
87 394
238 786
138 564
553 325
472 214
94 333
717 714
202 16
53 552
810 149
351 823
192 836
523 824
126 717
711 895
628 791
464 872
676 397
543 456
558 937
795 9
835 792
473 639
311 363
518 799
135 953
706 535
174 33
268 30
680 102
884 718
480 156
401 715
68 499
417 685
549 332
932 68
510 40
633 59
910 517
613 96
707 621
50 900
324 59
72 212
879 683
383 536
976 634
791 481
10 278
477 952
709 168
471 165
208 419
758 751
394 24
492 875
918 607
445 699
63 892
393 832
358 680
87 106
270 574
287 612
551 923
54 145
956 79
119 437
928 586
509 677
20 144
189 551
996 137
907 680
328 585
498 777
448 222
9 18
906 352
467 810
493 2
21 923
43 831
445 895
695 815
809 644
916 680
60 538
104 305
706 4
393 365
982 441
341 47
450 43
386 766
634 423
144 948
588 951
901 325
633 554
298 421
48 664
734 488
517 270
445 291
822 638
248 486
746 557
528 744
526 359
678 354
995 762
243 453
424 631
952 679
476 189
741 871
503 928
567 815
499 501
300 770
67 537
528 37
76 235
840 279
344 710
169 927
201 989
519 729
870 183
486 172
162 366
240 426
975 344
153 401
603 231
870 879
736 38
883 185
78 85
278 555
968 153
898 636
506 312
17 824
509 728
403 183
632 341
172 776
856 841
546 29
985 619
15 322
199 481
114 59
496 248
318 433
670 170
210 897
472 961
665 554
995 495
189 444
655 131
551 114
220 802
977 921
172 701
355 53
431 464
415 831
146 32
576 661
47 800
714 559
553 747
146 179
274 508
522 598
338 715
100 958
549 411
668 67
796 136
190 651
891 778
985 193
408 164
424 79
227 642
991 224
93 373
184 719
3 117
403 815
889 398
780 363
474 844
843 461
261 938
157 841
236 754
439 15
850 370
939 975
746 803
451 453
88 393
533 911
239 418
831 878
499 465
137 886
245 765
799 204
858 776
966 695
70 504
254 101
326 534
112 654
98 977
391 78
328 96
305 265
489 52
586 874
385 145
663 738
121 545
7 143
727 284
73 710
543 777
125 234
806 661
953 327
747 456
668 52
426 321
464 148
12 758
696 543
659 405
863 989
6 476
871 690
195 405
416 326
860 385
838 748
385 605
649 312
868 948
248 754
360 227
358 850
215 831
53 128
626 194
989 852
973 367
446 74
293 835
321 121
85 128
34 606
971 227
350 252
298 347
450 654
40 942
425 84
951 899
218 517
148 988
442 753
407 77
711 3
161 931
1 694
916 821
307 374
326 182
628 978
258 142
136 590
980 87
867 511
795 330
780 414
386 14
681 359
221 166
993 53
496 619
919 218
814 69
562 34
448 974
345 934
418 810
127 780
353 839
600 448
230 15
219 826
701 606
577 976
391 946
676 780
491 718
849 304
961 827
506 532
719 799
101 20
466 915
584 50
200 315
890 782
745 1
525 963
519 865
641 206
937 695
618 361
671 446
177 942
808 932
733 657
57 112
204 764
725 545
267 701
583 948
43 978
502 789
469 84
52 44
113 10
973 484
756 980
960 525
63 364
47 875
130 613
972 220
367 730
740 320
449 185
982 269
30 910
252 554
435 122
831 239
169 42
995 914
610 472
707 21
217 310
114 918
406 312
905 463
635 344
781 356
258 227
902 509
600 96
374 287
729 496
697 260
839 835
409 230
766 668
658 915
552 146
435 566
330 288
525 65
283 634
982 824
858 725
847 106
336 956
12 235
585 191
750 867
638 479
89 808
2 945
426 31
653 366
823 972
824 848
253 138
474 713
936 958
218 176
121 616
567 25
932 650
985 260
64 920
301 933
730 553
252 285
495 403
797 645
559 858
565 665
142 586
806 733
399 345
972 685
940 147
176 288
87 218
329 978
863 533
789 850
884 464
632 425
925 146
837 75
695 520
797 823
781 883
363 652
75 272
289 466
878 396
271 294
26 743
887 70
561 764
330 817
242 413
139 797
856 345
506 94
878 750
610 856
705 116
89 479
491 415
282 862
253 761
435 372
53 813
668 190
136 695
670 948
213 951
128 743
1 623
41 894
101 694
840 570
487 393
573 264
954 216
831 996
283 582
514 214
221 238
346 450
944 679
340 524
224 45
150 261
758 558
376 216
233 177
264 150
989 282
525 728
552 270
837 326
231 763
789 35
998 347
820 655
638 946
42 932
94 940
555 426
619 601
389 358
894 363
774 91
851 564
284 755
18 419
481 795
116 606
686 742
765 375
731 395
143 41
91 872
260 267
647 649
885 910
730 65
342 155
916 734
539 621
367 572
43 794
806 802
427 507
109 21
647 943
942 965
464 644
484 591
948 222
832 447
339 737
70 787
130 732
39 524
152 848
912 406
839 229
865 58
957 122
981 174
411 346
298 678
896 954
325 240
37 140
40 96
187 755
631 756
944 918
525 167
672 357
451 678
303 713
344 790
68 644
555 892
61 391
541 669
121 228
214 923
412 983
382 221
688 771
171 948
278 904
979 109
762 359
983 589
608 833
153 82
945 30
763 883
395 61
159 44
509 183
774 507
900 834
100 464
101 285
345 875
695 31
625 967
440 529
613 434
903 50
46 737
722 321
399 131
436 709
384 40
976 978
888 254
384 967
537 135
422 643
993 581
189 652
927 990
911 453
769 468
245 41
622 269
824 324
91 199
163 754
57 91
818 947
172 636
583 610
950 695
493 56
39 492
348 841
995 266
78 626
272 572
798 875
910 289
835 44
350 850
902 965
530 268
553 693
16 478
70 748
625 27
146 148
339 118
304 868
377 306
216 112
737 530
496 416
93 192
407 76
304 755
178 148
192 218
201 845
787 978
257 547
40 205
772 134
955 647
562 366
299 860
970 27
398 544
257 831
474 801
74 314
644 751
757 98
233 478
430 224
294 496
735 575
168 335
559 269
157 733
728 775
859 559
733 10
55 34
516 560
687 641
11 952
287 991
617 642
893 821
766 61
824 804
771 531
258 610
759 812
483 753
293 880
9 393
968 210
275 330
4 628
560 12
48 368
780 513
855 95
345 402
509 671
391 669
95 602
828 789
355 745
981 549
873 868
985 674
207 941
299 478
380 259
570 831
844 178
789 543
777 160
227 176
464 302
815 478
142 939
930 487
750 220
406 620
764 488
17 323
949 330
329 625
551 394
207 624
663 337
157 581
557 902
307 906
251 485
624 889
252 922
772 235
390 850
411 149
433 509
734 413
352 651
835 446
942 334
46 131
191 894
969 364
951 644
753 645
510 277
161 163
170 935
245 481
407 822
395 790
676 365
36 12
865 188
301 480
728 884
110 784
419 109
793 824
22 474
305 308
70 438
626 684
297 730
504 498
107 703
594 199
337 182
634 580
432 206
196 127
474 377
1 127
169 195
885 629
281 287
977 286
414 93
808 866
953 269
132 662
741 406
869 161
483 634
671 383
234 292
57 433
225 763
147 160
846 866
150 789
107 533
441 812
425 471
423 836
880 441
47 552
393 177
838 877
466 810
864 764
186 984
460 207
423 981
372 899
692 418
803 843
368 374
829 727
276 713
943 339
971 170
700 612
347 756
791 671
105 810
273 86
184 471
350 502
840 974
662 360
788 484
352 568
387 107
979 389
502 306
966 141
344 140
986 711
296 47
494 982
499 552
779 938
743 501
774 867
136 519
504 193
912 216
861 155
109 662
295 725
494 780
410 221
177 254
718 670
490 15
405 486
813 425
31 124
884 557
111 706
112 612
757 380
925 942
250 766
489 94
102 914
528 197
162 479
484 101
146 577
765 163
140 522
16 632
260 630
645 291
546 168
747 745
894 360
881 575
110 219
850 754
65 554
462 724
584 474
220 542
939 40
647 379
212 926
565 926
752 699
345 379
273 758
543 587
356 996
627 762
904 668
830 445
333 635
742 665
658 370
165 258
717 981
887 37
49 809
291 831
602 439
696 48
234 85
256 304
502 124
838 762
622 797
949 14
601 563
494 656
189 126
83 743
501 188
212 449
710 448
412 643
92 623
809 17
97 775
154 326
28 339
841 384
948 620
752 37
439 363
757 796
425 681
905 663
357 686
231 197
876 254
152 712
314 755
97 225
885 120
957 347
615 803
890 758
160 736
400 1000
917 701
700 35
614 409
249 783
603 936
438 195
984 281
650 182
119 906
282 375
659 987
396 723
153 450
889 968
124 595
175 849
215 260
950 217
399 589
699 91
478 994
85 872
871 889
983 771
458 922
558 381
985 939
971 712
917 226
663 962
557 315
923 945
730 657
453 834
555 294
739 709
208 466
523 196
564 536
524 540
203 896
30 730
797 110
981 753
711 552
512 226
878 107
846 965
815 638
816 680
88 751
892 151
185 367
863 366
318 141
873 570
602 24
308 355
612 145
117 541
796 456
815 348
377 320
504 456
657 918
269 328
397 403
435 96
553 709
596 621
669 743
910 243
434 152
236 12
516 110
994 416
264 295
191 756
235 972
863 198
611 185
857 793
571 523
491 247
240 821
335 398
156 531
951 77
662 813
480 243
64 498
83 78
818 39
72 989
288 778
559 268
62 812
395 203
663 290
548 812
101 431
619 430
306 629
788 721
42 799
701 604
334 31
281 145
45 152
48 132
608 76
129 69
578 86
975 274
614 118
137 626
29 676
301 959
694 190
932 743
238 362
475 116
65 752
484 238
324 375
785 771
955 447
75 221
688 210
802 70
327 737
55 534
424 768
370 68
104 40
953 444
859 136
6 247
110 2
366 488
973 128
674 255
768 376
290 756
661 483
4 826
665 992
460 164
522 955
472 810
270 157
74 546
317 414
997 492
35 853
911 924
523 840
21 447
347 747
494 622
599 409
950 813
791 747
424 491
354 116
959 561
598 211
527 221
159 506
236 112
520 13
387 14
951 534
650 298
58 995
224 455
780 350
799 578
140 253
714 214
97 184
153 894
631 703
456 526
11 616
734 188
809 267
889 53
12 22
947 405
343 548
664 669
607 455
102 149
656 1
14 879
185 559
81 910
776 698
120 84
159 231
325 777
509 126
127 691
405 828
918 880
41 732
54 375
736 29
242 746
24 393
483 748
720 383
654 985
277 630
668 865
580 21
980 783
910 930
12 553
142 584
548 459
841 583
682 581
260 612
186 276
59 526
355 695
998 415
413 11
143 166
91 145
238 96
132 482
663 891
461 319
246 575
29 91
342 2
94 611
807 193
939 92
155 749
229 948
731 478
329 818
237 105
664 277
43 816
869 356
799 312
636 81
678 842
485 356
332 274
544 519
763 94
113 133
421 695
811 324
902 541
81 686
928 120
74 312
182 843
536 621
22 968
297 95
152 886
706 293
778 918
17 72
356 202
309 843
961 145
65 324
139 765
468 135
162 822
736 671
476 410
836 682
535 77
361 590
527 983
662 890
229 747
704 44
45 796
543 653
585 895
966 428
828 453
478 602
136 919
746 714
395 130
748 364
311 110
918 50
336 922
483 989
634 647
34 433
571 154
935 917
64 728
599 616
727 535
552 317
182 104
703 542
116 228
119 711
46 715
859 820
253 29
183 374
902 256
462 315
101 217
211 633
251 548
738 890
704 694
138 36
396 876
399 191
312 271
977 99
228 163
484 53
944 693
698 335
347 279
664 83
114 54
815 756
712 383
554 505
740 85
760 619
856 618
393 172
692 272
489 955
700 811
648 894
384 569
464 759
378 357
734 542
695 780
840 267
838 616
723 728
170 312
49 953
359 732
14 457
806 101
50 114
847 635
38 20
965 524
515 821
739 467
763 457
467 244
749 758
786 256
432 456
706 555
412 930
624 96
45 768
447 956
16 10
849 670
666 508
559 363
917 479
874 379
68 310
451 454
947 461
157 616
158 707
315 293
399 735
538 933
611 681
408 130
172 427
465 439
600 406
158 850
932 381
367 440
4 19
561 93
444 695
600 517
918 939
333 73
264 592
256 842
703 596
341 575
877 541
733 537
349 784
632 372
924 626
997 132
340 914
216 647
103 769
630 878
741 143
782 451
532 238
458 607
812 686
765 650
311 814
696 328
366 303
960 548
816 568
636 153
85 141
678 104
199 117
551 480
973 590
939 322
523 643
139 982
173 533
658 486
374 20
247 798
474 497
203 661
222 72
938 793
117 318
83 642
65 403
728 205
382 946
493 523
888 531
463 215
339 989
302 211
909 25
69 332
586 358
87 919
718 979
317 942
912 146
697 816
367 149
538 372
488 671
440 866
112 463
349 494
510 601
211 501
234 62
966 263
689 341
992 142
633 140
881 522
174 346
434 575
571 194
263 96
656 452
570 278
423 286
230 754
909 703
180 561
767 607
481 27
953 503
251 748
573 69
403 131
423 124
618 379
862 732
926 109
272 872
879 87
259 832
521 437
411 525
612 932
364 619
845 500
315 829
302 849
322 19
622 158
470 411
40 704
904 361
192 523
851 972
748 528
184 223
740 508
563 950
544 335
526 851
303 222
398 198
826 645
97 755
350 223
247 845
820 475
387 224
8 235
692 157
25 613
221 707
80 525
745 985
743 578
984 83
841 462
622 581
127 233
662 748
884 564
847 672
942 332
836 695
786 328
128 268
729 434
396 39
804 420
141 373
326 947
609 181
149 858
213 738
227 778
656 2
125 363
658 688
606 778
180 107
556 491
546 561
984 574
185 927
21 1
205 356
297 873
944 412
361 62
291 263
831 385
939 193
752 521
884 317
354 768
391 689
693 465
324 340
578 531
363 867
656 18
751 60
663 890
514 197
686 713
327 341
219 372
256 506
241 156
294 358
668 439
150 922
959 144
158 497
398 384
881 460
455 177
185 309
424 539
827 219
394 555
568 242
34 530
40 587
648 876
976 375
563 441
356 409
229 661
913 346
531 87
581 287
881 46
65 260
294 979
80 459
412 266
469 343
181 579
147 719
991 438
635 392
655 367
70 837
148 919
498 542
810 260
919 170
320 450
473 558
407 999
28 504
879 791
952 572
115 634
948 680
970 928
992 872
5 873
279 300
995 4
179 538
309 983
590 632
607 570
64 682
948 169
984 619
234 118
396 297
416 778
573 487
121 408
893 778
241 739
332 574
719 946
543 123
423 294
560 232
558 359
906 972
423 375
582 537
534 732
24 21
133 733
595 990
65 703
337 946
513 188
548 488
509 724
627 49
439 649
65 552
87 251
949 204
151 137
536 31
66 434
583 635
252 425
713 649
80 250
498 809
263 765
217 951
225 546
242 290
460 237
427 508
995 198
818 618
446 315
29 497
235 708
256 659
210 637
264 190
30 965
148 964
403 597
723 584
66 990
189 124
338 598
264 269
856 423
199 839
386 992
9 607
856 86
678 307
117 123
981 187
156 521
141 219
213 801
526 248
821 316
49 324
582 46
451 568
35 313
883 605
934 619
728 814
580 821
168 485
956 262
723 117
228 701
870 196
136 771
622 386
504 445
140 891
768 564
966 683
224 972
41 650
461 817
561 451
361 101
803 26
346 467
546 488
733 886
332 884
556 209
59 875
116 872
882 483
594 431
100 292
696 547
91 171
467 904
855 37
533 289
458 717
4 689
939 22
794 831
501 681
691 921
158 446
517 893
111 378
829 571
26 824
523 420
59 622
48 516
296 590
87 509
730 780
863 268
829 684
132 172
282 721
212 658
708 639
539 843
592 208
467 452
951 878
308 284
865 745
935 79
69 553
658 118
97 944
169 67
961 175
728 206
800 235
196 940
35 614
36 821
4 299
409 413
887 734
818 963
679 874
344 838
11 675
442 479
153 864
317 941
1000 881
537 522
735 683
203 894
279 337
378 540
664 556
944 659
656 39
231 969
719 84
978 430
318 983
466 218
829 7
699 648
309 688
165 69
520 645
954 182
112 829
115 110
99 853
267 245
641 678
73 678
147 427
7 239
854 566
746 199
52 500
381 352
608 172
646 962
872 369
924 840
200 398
772 636
42 337
349 883
246 977
981 546
360 180
493 136
557 575
228 459
274 846
489 993
610 767
789 540
441 646
462 812
937 486
596 685
160 89
472 219
968 736
844 403
403 687
544 447
504 748
431 5
490 963
244 77
493 716
297 97
830 853
430 327
711 82
804 624
313 783
959 640
729 151
982 739
17 243
308 534
274 738
574 297
795 12
905 208
183 135
528 641
782 826
325 181
880 180
761 151
83 511
301 332
304 496
433 220
549 230
163 311
153 237
944 453
953 854
92 486
24 638
598 950
159 80
850 201
478 670
466 190
205 355
873 265
67 350
533 165
917 70
603 289
286 15
759 275
932 517
239 53
346 173
770 314
807 360
370 23
31 389
772 74
752 771
878 199
185 90
261 213
636 397
176 435
695 516
163 655
937 544
204 481
646 200
192 852
911 220
750 108
199 286
440 247
648 956
316 538
894 783
753 137
311 785
463 586
523 637
728 505
905 269
187 220
728 360
268 763
251 277
41 55
354 22
765 772
397 42
805 445
662 542
130 359
640 927
408 893
689 732
118 86
89 332
363 93
279 187
62 569
420 115
923 332
690 81
50 240
782 641
568 525
236 651
477 239
975 144
64 316
410 216
240 605
84 254
539 136
942 186
710 822
999 268
253 170
998 453
978 9
357 220
803 462
822 446
399 411
997 908
138 83
512 332
90 872
494 121
177 921
52 339
548 632
780 360
403 43
117 883
728 9
228 60
547 672
345 376
532 212
181 994
561 588
455 148
80 138
172 698
891 178
263 781
70 629
741 72
268 113
563 404
247 135
17 264
236 148
4 18
41 1
568 493
398 814
921 707
80 583
249 208
827 761
455 728
296 127
47 498
503 716
202 73
240 780
244 972
853 310
31 942
785 190
118 697
240 667
921 398
775 543
942 500
354 384
583 258
89 586
127 902
975 116
667 815
581 237
563 878
220 155
58 362
66 451
340 556
362 932
552 396
277 61
499 69
392 777
390 500
693 709
162 399
823 70
182 74
112 786
64 597
263 143
315 39
413 830
175 963
417 315
453 557
38 661
258 525
632 152
530 821
713 505
822 53
626 906
744 449
329 726
746 371
655 607
747 726
548 525
8 472
256 133
42 378
225 800
7 936
380 132
933 746
751 119
20 341
980 344
249 722
996 812
664 288
393 206
267 741
532 351
806 330
809 694
522 789
338 902
156 59
765 633
753 81
570 633
147 808
482 425
669 979
285 586
640 615
508 390
551 371
130 525
593 569
922 529
622 828
878 682
921 735
23 427
981 163
689 250
417 968
344 216
861 909
843 142
312 566
39 957
478 359
559 186
282 146
264 441
265 960
451 761
306 44
680 993
934 938
59 492
14 628
733 356
16 876
168 164
44 527
27 763
466 441
799 393
822 570
129 271
98 684
870 790
546 696
656 24
529 814
108 325
185 528
535 240
439 159
228 594
689 160
879 742
116 149
112 687
945 911
452 169
87 723
104 693
920 379
684 492
703 592
79 458
780 991
379 548
542 865
136 400
29 850
711 858
949 937
971 745
419 542
42 719
884 330
64 863
468 973
959 489
711 632
244 21
113 803
924 967
502 767
865 953
94 533
184 508
66 106
659 3
56 44
207 719
407 281
281 925
636 191
449 3
752 420
583 110
613 621
887 494
193 6
359 657
165 572
199 1000
402 266
792 702
207 493
338 652
625 148
662 627
38 313
834 440
212 4
90 836
700 273
173 495
415 310
236 273
661 113
725 771
796 915
818 119
947 361
467 217
68 505
840 402
782 597
162 610
823 379
19 939
258 433
390 658
83 220
233 335
894 382
612 845
650 622
992 536
745 420
673 711
897 288
71 788
555 679
846 426
483 640
11 41
234 306
72 41
842 565
206 948
263 215
196 138
498 462
155 851
664 203
920 117
812 451
704 732
945 742
802 105
44 658
532 785
551 870
439 724
747 648
820 837
489 563
678 623
94 614
975 823
601 594
912 995
216 496
695 692
937 432
204 113
460 203
189 259
317 334
501 529
195 654
738 903
289 469
38 232
316 906
688 573
122 841
873 759
307 249
182 999
420 952
97 541
382 750
751 611
679 454
868 397
687 971
445 460
74 438
990 120
402 385
403 936
461 753
448 79
545 599
911 176
715 387
398 621
519 787
277 612
761 193
762 106
344 831
163 325
201 922
511 189
41 865
245 449
50 241
697 878
239 551
98 741
727 818
819 703
292 773
595 669
872 895
951 59
239 261
760 212
619 363
270 851
901 915
353 755
923 651
929 458
656 270
562 53
879 314
845 886
814 723
48 478
196 238
859 934
285 848
684 75
831 308
582 686
769 451
533 410
20 195
604 562
618 588
102 579
394 280
124 15
423 151
464 460
502 692
105 462
17 604
94 578
116 714
128 976
838 845
927 660
597 410
134 616
711 358
532 299
420 589
349 366
668 187
874 242
271 438
312 829
755 678
938 913
759 235
47 159
382 522
296 209
350 36
667 357
961 193
283 509
322 541
70 935
680 887
53 667
771 320
184 614
204 601
814 486
765 758
452 611
514 482
507 648
606 132
115 683
442 569
670 917
529 39
732 554
809 311
755 880
280 515
867 457
939 948
810 13
619 688
168 344
978 313
211 319
652 186
395 163
220 148
153 428
281 8
233 263
396 719
704 344
410 517
543 177
626 681
989 377
422 986
793 22
759 839
975 314
944 422
160 661
547 3
505 836
826 86
58 60
149 227
834 557
10 187
660 527
627 158
793 304
333 471
850 835
180 382
254 555
37 727
765 421
419 835
186 698
155 569
85 424
609 778
759 312
778 361
555 73
276 542
117 616
562 807
172 671
892 270
195 582
107 772
234 992
381 783
184 181
284 558
305 629
344 443
307 49
127 400
277 841
264 600
547 124
329 442
701 178
30 502
995 973
373 929
123 646
508 904
821 585
951 526
204 637
669 517
231 148
657 69
307 380
843 286
257 599
648 256
425 649
796 904
923 898
378 683
308 850
991 575
317 540
512 858
140 59
715 681
239 607
934 661
760 302
570 121
600 343
675 263
90 749
864 476
383 668
280 829
796 733
301 153
993 809
651 367
237 923
980 529
529 591
163 857
760 123
944 66
431 892
466 376
371 907
941 363
615 404
410 725
693 506
732 400
695 284
275 337
206 891
890 776
941 764
530 681
345 405
508 103
464 5
372 662
485 401
428 759
801 11
655 848
53 238
665 996
668 477
961 333
264 907
670 375
319 879
866 450
919 588
497 429
423 957
190 920
700 446
88 894
621 428
694 536
553 660
130 639
847 798
329 912
564 60
838 695
341 389
398 884
551 278
722 730
185 404
710 509
431 244
804 423
796 206
430 436
123 674
913 46
115 754
960 463
634 26
300 937
726 762
967 260
883 761
224 330
41 772
832 9
454 567
596 883
265 844
344 979
370 879
775 504
667 889
969 113
953 852
366 643
239 627
865 32
704 226
233 334
704 273
542 529
780 158
183 249
884 26
900 775
874 80
902 800
92 181
595 854
580 130
637 495
368 848
313 287
954 938
4 597
138 159
621 588
893 167
363 868
159 551
38 956
224 562
613 56
319 941
394 500
68 739
932 884
96 764
745 509
553 982
938 92
616 114
302 739
428 874
910 482
15 186
866 486
759 401
263 952
915 505
43 722
325 996
696 136
606 399
751 610
476 624
113 266
630 273
189 85
31 662
30 895
469 453
911 658
273 218
148 914
661 967
705 255
174 874
620 494
602 609
53 823
754 228
596 135
779 929
102 504
412 602
145 305
662 894
10 753
563 999
748 473
514 289
606 971
274 998
425 594
836 948
635 107
786 206
45 58
727 674
766 412
788 550
680 359
992 73
520 752
854 803
286 335
716 768
845 996
367 416
258 692
243 110
471 135
444 687
89 668
604 77
219 233
771 622
955 285
202 308
936 622
30 195
45 211
676 721
314 522
264 519
713 428
281 536
911 284
548 634
988 609
260 354
910 732
787 403
73 815
185 485
782 410
17 748
185 342
424 762
575 97
227 207
708 518
144 745
142 100
734 514
751 672
459 32
152 952
448 287
665 130
714 598
736 994
554 63
648 184
647 826
691 378
863 893
350 37
23 385
658 160
865 428
166 395
776 171
356 877
984 14
435 342
802 218
891 609
257 380
163 352
40 501
187 358
904 606
839 918
130 26
886 343
504 81
789 510
112 566
461 861
903 266
248 86
102 81
488 581
513 500
960 504
974 165
262 289
853 872
470 580
110 559
715 891
641 473
292 623
629 898
189 789
975 682
561 162
300 402
998 377
106 321
125 227
883 11
223 554
668 677
798 32
306 910
661 232
276 842
149 452
816 860
642 711
715 357
507 13
753 373
87 510
591 830
174 17
686 998
502 947
30 522
187 873
596 763
834 176
191 541
421 24
332 246
406 676
194 150
669 738
748 861
974 363
203 336
233 676
28 285
340 31
359 333
141 26
568 378
101 790
505 457
692 987
986 696
476 350
919 92
348 768
847 465
886 256
118 702
747 74
73 111
680 1
495 960
718 536
279 451
125 323
554 649
957 604
170 120
286 372
197 839
770 417
24 259
380 358
978 60
945 909
654 855
34 356
163 856
970 552
78 101
480 308
577 858
727 328
711 967
693 584
589 423
737 412
591 297
413 177
474 385
519 77
81 97
928 550
964 300
142 736
732 256
609 587
924 594
325 743
945 585
267 549
17 906
446 622
219 364
648 564
367 924
481 837
78 545
163 126
394 416
397 639
713 838
753 273
490 813
845 321
955 769
392 951
302 708
180 224
787 56
365 220
522 823
743 779
504 640
237 418
165 197
202 321
665 773
85 30
624 736
311 556
652 680
672 86
526 113
749 408
202 173
437 770
62 433
672 453
434 417
182 682
106 784
64 53
545 570
284 169
358 338
663 14
633 993
365 834
150 22
10 685
282 406
581 274
620 824
97 413
81 624
903 317
228 737
245 269
357 963
638 300
197 170
805 939
951 798
891 979
323 860
489 100
76 700
187 253
315 288
375 656
802 786
784 361
883 165
385 210
99 882
814 693
637 494
985 885
103 534
430 706
284 631
565 738
907 54
25 917
65 576
546 490
380 95
254 608
717 120
547 31
726 270
820 839
207 911
685 619
134 499
893 392
18 344
627 237
664 282
341 70
269 425
786 853
424 686
708 690
890 336
619 626
873 646
855 530
803 339
769 835
19 412
966 909
504 926
168 555
66 897
485 985
862 165
882 607
259 26
633 675
586 299
677 112
771 503
311 470
991 336
884 270
10 879
430 64
88 151
970 93
579 342
840 545
641 560
59 135
426 910
478 607
904 562
118 742
177 39
766 306
895 490
680 217
918 55
225 236
483 960
300 250
139 188
34 458
983 900
573 596
171 764
778 69
618 47
328 977
291 295
93 719
245 769
902 261
24 25
388 538
9 299
318 351
814 576
618 449
980 808
114 202
676 545
129 930
205 247
613 202
81 425
446 227
270 397
988 610
518 87
649 260
189 579
315 776
137 504
838 816
752 689
241 188
593 423
787 276
775 461
688 509
545 68
433 994
21 967
43 787
929 58
696 71
312 848
701 458
367 682
578 55
762 712
644 190
131 261
368 577
819 176
522 545
160 354
865 419
761 370
468 353
464 808
451 798
503 713
691 919
350 324
577 384
210 683
47 364
328 418
348 829
23 215
729 494
72 943
16 15
384 483
771 241
956 147
963 865
439 180
712 742
897 852
920 499
856 608
742 390
90 553
254 252
612 918
81 858
758 700
997 860
85 882
837 291
949 921
807 463
609 332
538 832
834 555
432 795
471 474
309 491
333 469
357 479
910 927
16 745
509 756
699 940
669 268
693 134
838 325
756 730
208 16
560 325
725 533
39 485
920 845
26 772
65 810
854 490
398 124
146 493
351 36
579 833
670 424
749 145
57 943
259 295
890 281
981 78
587 459
606 437
950 859
403 516
98 244
47 189
161 970
53 588
442 761
796 228
943 119
982 731
417 973
531 369
516 251
994 45
903 677
944 986
778 826
283 328
781 201
843 272
239 891
455 590
439 325
976 317
886 976
698 648
697 827
297 453
762 738
853 696
465 418
568 968
733 402
945 162
50 774
359 624
37 540
977 707
227 866
293 423
340 579
380 624
434 568
220 489
560 854
232 423
768 643
760 68
509 965
400 519
336 645
427 862
10 202
690 600
750 536
517 665
689 272
963 177
472 756
740 317
660 247
664 242
27 159
258 927
461 132
500 606
466 538
711 740
470 939
968 808
882 146
755 160
632 405
707 69
746 485
251 961
163 663
226 513
375 598
321 307
711 522
45 274
218 173
422 526
905 59
907 613
783 62
252 348
74 556
644 336
611 287
20 907
378 166
51 372
658 436
683 779
170 362
388 421
746 138
895 556
716 209
187 997
403 544
355 540
905 358
32 246
565 404
235 785
986 635
236 110
364 187
496 451
963 221
444 99
597 35
467 288
364 202
700 300
776 356
500 314
748 96
839 827
501 123
539 7
297 400
266 673
343 589
895 96
430 441
680 111
183 932
331 753
399 892
736 326
3 339
797 857
158 653
371 806
591 121
258 319
222 756
940 839
28 853
965 148
680 284
992 30
223 830
884 422
559 524
817 101
512 757
947 155
447 439
379 453
710 635
766 379
959 296
998 262
121 850
927 782
198 906
343 215
474 98
439 672
760 887
246 902
394 355
547 827
237 833
811 254
797 447
636 393
581 536
765 363
470 73
54 632
635 835
137 44
781 875
764 37
735 484
939 227
762 578
815 572
337 533
235 590
443 943
520 378
818 579
456 768
398 167
282 900
895 960
92 787
878 758
562 608
709 908
468 30
179 165
661 965
614 827
995 775
64 227
835 966
339 811
891 726
178 87
676 426
342 674
554 778
719 468
576 846
203 148
946 80
642 377
681 389
850 500
960 92
852 90
800 501
13 504
418 648
51 578
480 177
575 886
689 771
233 415
128 541
331 874
927 430
984 624
680 361
505 715
794 497
832 676
724 882
48 243
267 83
695 51
718 336
196 90
931 137
751 264
349 612
557 191
979 8
323 89
626 610
533 54
20 95
993 561
399 676
640 164
103 967
254 562
437 114
149 430
647 483
941 706
691 787
46 798
30 483
180 276
808 868
544 686
66 62
428 697
380 322
517 149
789 592
264 69
655 59
566 610
643 707
442 896
904 181
958 456
173 880
209 703
429 646
263 926
657 931
915 279
906 938
522 607
248 702
818 265
621 3
36 655
697 723
614 297
203 438
308 692
118 258
766 915
846 358
87 792
72 187
3 456
41 160
683 625
10 945
231 365
253 661
680 777
535 405
527 561
970 126
758 241
210 827
546 801
239 580
248 233
254 3
898 21
311 72
520 543
225 271
79 220
941 209
727 576
414 339
611 687
978 86
210 236
193 986
755 824
917 9
167 670
168 520
145 180
478 997
120 257
798 260
394 118
767 929
129 227
99 150
722 226
394 217
76 427
684 42
480 520
945 722
342 354
513 950
295 24
525 807
380 803
522 63
172 628
891 372
105 431
242 240
482 200
485 604
307 788
159 799
367 39
4 988
223 232
668 363
688 617
492 255
226 616
958 484
190 882
911 822
889 547
899 982
822 68
903 902
133 402
869 920
999 601
544 787
279 25
374 409
620 417
38 352
41 156
922 831
562 358
448 138
294 125
676 482
127 64
258 135
576 182
153 875
279 255
174 19
356 914
16 477
149 735
509 369
850 846
274 812
615 973
624 352
901 822
987 52
921 136
82 116
302 187
824 957
183 150
21 247
205 378
888 179
674 306
659 730
458 953
348 501
578 918
9 433
581 769
362 713
327 585
636 277
928 568
376 613
285 117
841 573
437 426
648 679
372 657
417 873
734 815
113 807
316 668
650 236
778 441
657 696
569 307
536 203
367 527
705 724
689 610
782 336
126 910
531 976
513 557
270 414
593 383
209 630
947 768
929 797
621 765
494 625
133 357
809 310
839 391
986 969
273 98
971 23
166 247
973 765
481 263
283 724
877 353
74 414
505 356
956 784
689 683
966 153
35 521
786 307
22 769
482 794
157 998
505 491
639 962
605 488
472 284
54 660
563 908
395 782
793 871
734 167
538 338
81 741
960 224
192 282
581 272
16 72
861 32
935 793
93 86
700 226
560 533
587 438
376 86
953 714
515 207
76 815
441 414
925 24
758 987
747 342
875 797
513 306
518 678
442 48
10 284
673 692
301 779
728 521
103 387
220 381
314 246
256 472
483 533
64 913
817 245
654 928
15 594
141 819
2 603
811 979
78 246
576 149
889 747
817 326
52 469
803 311
83 205
953 134
756 381
800 543
284 736
937 755
548 577
464 484
376 752
582 864
252 387
492 402
863 685
129 614
464 371
838 869
826 577
215 623
994 686
665 886
902 901
18 231
584 610
772 417
825 376
458 371
668 194
1 811
131 184
886 130
562 716
678 868
411 216
892 535
948 481
735 955
567 658
591 192
387 480
984 420
306 240
714 245
862 350
36 985
329 81
628 531
476 256
666 368
222 716
14 560
533 512
318 916
774 746
695 62
755 513
655 444
724 780
466 12
818 377
487 358
76 851
885 319
742 408
453 410
367 429
462 403
176 8
695 163
653 656
54 278
742 250
16 624
863 850
662 411
300 312
621 924
911 488
896 95
564 134
459 409
955 508
8 527
778 31
462 732
677 875
146 741
698 342
312 133
275 507
212 934
484 899
786 917
882 42
403 415
742 518
321 250
319 851
527 350
713 796
865 997
226 697
541 14
523 527
409 682
381 871
717 973
335 504
668 183
375 329
696 56
550 183
972 285
611 423
60 423
635 61
653 694
571 789
853 479
804 693
511 127
889 389
106 583
641 880
252 841
918 260
477 44
232 333
175 293
433 142
948 539
595 984
386 28
689 989
961 912
875 54
13 283
804 506
646 997
34 443
427 569
745 582
69 4
487 309
568 925
440 828
650 595
482 663
969 159
484 70
102 39
788 692
577 883
561 86
432 142
600 98
719 781
261 485
727 278
768 967
775 851
200 265
654 323
755 89
214 348
907 268
581 701
755 198
921 493
337 801
502 613
780 741
105 285
151 883
345 302
329 913
881 684
538 34
518 49
946 864
105 430
526 607
401 413
981 363
617 267
1000 413
375 15
783 36
15 78
109 95
844 22
62 47
997 496
673 410
289 401
274 71
259 297
939 443
138 662
243 967
395 694
565 446
696 323
257 649
458 26
645 374
463 815
545 930
400 159
203 290
779 925
753 656
259 229
533 526
724 503
29 31
290 688
343 939
112 375
576 38
335 7
413 729
783 815
92 280
336 970
667 782
905 917
46 441
177 62
914 605
185 667
723 467
558 84
62 935
447 703
604 274
14 778
384 239
270 252
370 440
386 130
158 945
968 509
349 570
133 637
413 310
211 585
694 182
938 170
893 731
219 67
920 30
298 926
794 635
194 799
786 571
163 76
604 965
379 880
471 734
133 49
383 745
672 820
218 171
860 750
455 202
318 198
855 805
288 21
493 932
506 405
886 901
687 575
490 894
912 666
126 798
38 80
757 664
344 722
817 967
911 789
551 274
978 404
450 790
26 427
243 931
545 989
291 517
331 260
344 185
752 22
199 773
165 949
684 875
409 323
321 671
445 246
969 283
689 916
192 236
799 475
16 58
254 382
71 604
553 229
240 728
226 391
917 471
304 325
214 984
744 814
774 670
524 945
136 882
728 748
430 884
289 608
977 239
429 452
529 926
676 987
328 41
183 245
685 19
119 831
659 648
846 478
958 692
171 290
7 184
603 295
234 334
110 341
343 507
138 22
944 241
319 203
513 76
336 662
290 479
851 546
798 127
73 934
94 728
367 844
685 727
742 904
399 65
503 396
42 462
705 518
150 925
134 502
318 19
454 595
566 874
562 792
832 299
639 794
623 349
593 346
522 726
942 951
869 765
263 948
65 444
934 43
459 905
43 726
136 500
731 613
535 685
493 682
496 402
978 778
912 420
288 398
821 540
135 449
899 190
666 607
615 592
245 208
979 381
396 217
339 922
681 395
867 464
960 94
961 907
981 440
14 561
974 854
386 168
704 83
417 582
913 697
684 764
742 270
980 820
362 74
681 566
615 412
154 423
169 451
103 337
620 573
695 13
73 262
606 632
929 461
840 224
659 676
850 969
688 254
30 199
142 444
29 789
162 182
881 566
699 901
868 820
285 60
198 775
226 596
578 737
816 822
302 801
734 996
950 673
844 156
203 876
613 937
794 853
449 428
281 710
143 416
75 310
627 709
631 277
7 753
655 5
949 280
860 837
554 424
536 947
477 615
575 498
578 50
820 491
14 38
507 816
535 576
39 689
481 733
564 464
835 558
13 854
86 372
678 72
754 418
166 316
657 424
100 560
598 275
415 727
326 54
421 322
667 406
330 43
84 12
857 772
930 968
31 822
315 803
278 164
745 811
377 239
70 186
145 273
554 639
810 517
596 22
192 212
540 585
931 875
365 775
495 936
923 479
373 268
639 33
288 854
664 733
28 872
949 708
474 740
145 972
266 808
927 29
729 830
215 287
771 545
81 863
172 50
979 706
216 962
784 436
287 771
200 187
533 231
720 947
183 338
595 786
209 51
185 310
175 958
436 894
399 362
884 846
493 808
827 359
315 587
985 547
896 60
772 903
958 942
742 961
753 329
824 334
255 790
453 986
241 204
768 286
298 925
850 606
138 802
527 268
559 933
203 776
994 629
479 239
725 643
658 316
462 879
274 53
919 551
155 346
88 871
344 273
414 745
181 738
165 301
498 550
190 880
548 66
544 309
855 614
661 793
459 849
933 185
368 149
518 525
689 653
856 394
277 974
753 774
607 167
403 383
460 716
245 98
959 762
127 666
372 246
121 29
999 142
359 47
473 927
332 324
871 464
396 394
185 681
119 835
704 155
7 288
335 183
598 763
250 605
328 191
491 925
755 760
704 266
601 200
249 675
340 590
470 757
76 660
662 247
578 73
440 526
301 805
12 472
396 639
374 44
885 615
372 334
979 734
376 905
621 833
461 48
874 776
779 151
566 125
991 104
209 168
105 367
91 140
973 38
854 299
198 847
968 954
161 382
94 652
683 465
761 913
560 356
377 920
85 343
621 645
426 471
881 472
111 423
579 145
872 165
835 315
109 66
991 164
853 195
472 162
717 916
960 695
816 104
450 745
38 416
815 232
784 628
748 189
86 444
70 849
307 385
311 601
402 407
443 705
580 902
299 805
999 972
50 485
94 78
696 463
623 764
187 708
538 640
335 452
690 213
430 40
252 882
314 705
131 909
614 636
699 36
121 57
139 438
1000 852
483 838
544 167
164 67
477 132
116 324
687 369
391 340
729 555
657 326
749 984
442 220
44 376
872 777
687 486
767 365
511 999
659 941
885 345
188 959
172 468
618 164
395 127
604 503
111 801
495 198
421 815
48 89
46 692
206 958
978 175
372 418
923 850
838 234
766 214
508 162
953 283
724 686
873 44
730 687
107 868
589 216
864 825
521 584
65 580
962 458
191 12
33 422
518 111
815 731
489 565
181 919
739 917
721 130
977 792
1000 71
19 85
60 703
540 753
228 357
618 941
655 32
859 397
753 130
90 103
388 501
818 638
216 276
736 987
623 461
40 962
83 612
304 855
946 410
814 699
18 792
516 47
919 162
944 790
118 937
14 276
142 457
880 120
313 925
540 292
961 793
301 280
340 450
13 643
469 546
642 372
623 897
505 274
173 350
999 214
602 908
197 104
344 948
309 942
225 990
315 245
795 271
689 768
616 864
396 338
681 676
679 913
775 480
153 67
63 704
727 697
84 685
217 835
913 585
914 802
7 505
908 324
860 77
272 494
723 447
158 482
285 360
968 54
205 401
723 300
797 717
104 828
600 673
280 669
897 159
42 766
6 93
172 877
527 720
600 848
253 374
312 280
826 257
210 127
165 575
142 847
436 40
455 252
275 106
259 529
920 885
946 693
726 153
985 273
87 37
473 37
934 362
869 655
651 596
104 263
166 83
494 444
795 897
563 413
969 918
587 291
208 793
725 433
485 872
235 845
531 232
672 136
493 653
919 337
415 726
106 98
796 819
728 105
951 593
454 395
735 814
502 391
163 359
182 513
451 544
838 188
399 768
106 246
359 232
36 406
644 540
757 437
653 346
415 187
698 837
646 557
224 964
135 806
106 424
641 383
370 485
152 144
118 128
301 849
674 301
656 352
551 625
309 326
682 736
573 741
850 938
287 659
590 24
457 700
812 498
264 552
102 662
216 737
842 809
161 537
736 847
725 928
946 432
509 609
717 60
318 89
319 992
657 721
611 1
682 804
419 982
728 318
43 994
743 909
964 634
658 317
442 699
317 150
624 895
688 790
822 118
740 336
371 77
120 521
705 920
250 55
801 429
571 819
473 844
919 373
853 497
639 384
904 769
524 730
123 381
373 900
286 701
368 210
658 784
640 779
607 311
59 485
61 335
447 842
602 981
415 488
936 1
899 407
991 549
575 826
664 154
429 60
676 195
969 95
475 386
37 439
131 846
206 278
491 57
86 846
469 828
456 501
282 337
384 225
97 342
943 661
358 351
451 203
234 217
950 179
354 898
978 200
399 472
789 96
301 966
195 95
103 719
125 883
881 765
493 239
389 750
372 668
428 606
284 510
950 767
418 452
440 116
151 734
388 252
745 788
708 933
146 442
720 91
494 282
796 256
122 973
877 939
329 749
320 504
66 148
926 463
397 348
21 876
136 474
428 930
639 582
14 31
92 779
627 386
854 140
283 10
838 312
910 213
804 632
724 774
106 522
161 859
535 361
187 711
973 988
390 984
528 761
847 344
740 904
373 161
620 166
123 902
624 161
258 25
97 39
940 541
101 535
121 169
432 268
136 992
970 772
809 386
614 351
600 313
139 151
107 283
112 627
340 640
851 232
37 653
976 631
849 511
997 783
300 49
249 559
620 618
452 244
346 403
423 774
620 789
133 607
268 130
599 700
876 787
682 696
811 980
822 791
858 409
676 522
39 250
976 804
918 731
119 392
6 137
67 245
254 613
777 402
902 207
890 665
137 455
691 936
599 115
927 552
142 880
270 293
310 486
406 805
9 29
854 423
954 633
497 498
157 662
541 39
924 849
262 584
781 760
674 904
302 596
48 851
32 72
188 331
843 821
484 558
948 381
473 795
866 194
759 141
190 664
478 151
421 893
544 177
283 391
502 265
947 172
836 668
278 585
213 955
966 11
608 595
614 537
444 353
690 73
528 372
913 814
315 244
297 513
671 883
693 983
620 793
396 339
537 379
84 686
732 786
129 505
249 602
875 762
879 722
441 296
6 816
499 30
656 261
1 30
132 750
632 132
893 99
505 802
533 50
662 414
814 581
319 233
12 711
306 996
707 112
929 158
714 957
901 517
590 223
242 121
445 948
863 642
534 934
873 954
19 112
987 172
407 489
748 593
643 478
554 406
863 416
802 133
853 250
467 563
307 218
255 688
667 330
39 549
467 416
784 558
394 982
274 904
1 820
758 440
522 554
835 673
444 973
287 698
520 199
634 237
743 445
355 452
176 179
946 225
32 929
712 293
37 176
256 6
266 658
657 483
308 837
457 5
184 843
629 423
995 517
983 720
311 215
993 36
246 843
887 896
728 823
966 273
736 258
404 858
255 314
315 385
31 69
489 150
567 183
898 128
96 16
349 674
22 264
154 416
798 505
119 470
918 360
586 927
91 279
310 55
263 135
747 416
584 415
214 334
138 127
232 366
450 317
988 829
57 389
410 875
597 524
33 508
217 591
162 216
538 623
522 168
47 663
270 370
146 708
460 36
801 96
753 367
238 145
76 20
302 690
378 284
161 370
660 796
562 990
669 986
137 249
912 689
910 476
714 741
26 547
786 41
550 214
865 736
807 765
886 862
139 849
13 888
89 498
625 38
674 173
937 60
355 403
583 43
567 678
666 661
170 548
545 528
235 86
587 189
148 711
790 370
459 526
567 580
476 203
560 670
922 989
980 203
488 649
415 120
991 949
961 738
451 428
750 848
396 283
897 794
20 735
949 427
996 752
158 805
675 413
90 615
306 616
988 76
426 15
816 293
799 36
267 159
239 171
364 730
138 384
655 741
3 822
685 974
438 62
750 652
338 118
699 862
750 20
977 16
45 448
410 847
285 113
507 449
803 748
347 312
422 298
158 368
185 437
982 205
207 795
983 380
805 946
734 930
475 525
459 128
762 555
194 431
748 522
415 853
186 955
460 302
722 665
811 471
924 253
835 458
285 949
202 738
230 815
433 527
398 895
401 41
773 785
759 168
244 474
552 394
195 841
363 219
329 351
809 965
408 34
26 473
562 695
567 650
573 21
923 202
619 827
729 271
719 589
141 137
74 124
813 29
24 937
935 596
478 474
154 52
303 661
309 840
387 678
121 437
409 98
871 502
908 124
182 377
921 255
46 472
286 459
319 28
901 790
794 486
488 899
336 719
823 17
276 378
42 998
140 742
31 418
778 512
254 825
793 17
824 699
147 462
366 198
647 812
121 853
177 539
786 651
807 355
60 996
846 255
993 665
189 712
599 925
547 830
566 206
270 443
255 859
522 96
63 64
630 684
647 664
308 8
167 375
599 336
912 874
765 584
325 715
22 741
973 443
170 440
796 404
191 450
854 134
299 613
844 319
139 665
835 708
910 182
877 321
400 331
553 411
38 349
60 253
207 382
616 565
645 476
259 145
585 923
838 455
216 846
149 674
723 773
357 527
982 998
749 553
745 71
511 266
461 545
410 289
374 534
748 359
20 544
832 778
615 17
430 919
959 716
37 735
392 790
381 275
429 293
106 434
489 74
59 1000
760 75
500 846
945 975
287 808
884 397
276 161
96 339
993 987
902 511
741 301
443 486
944 1
671 182
474 464
124 478
551 759
889 651
323 237
16 643
489 719
698 483
601 660
671 468
929 157
479 961
863 636
497 179
812 302
393 72
34 874
971 407
9 56
372 940
229 989
51 405
693 78
98 162
644 390
76 64
887 136
389 813
462 877
798 651
360 915
363 500
604 686
60 460
463 561
209 690
769 816
517 434
351 236
139 820
411 11
430 277
821 972
92 972
218 563
421 510
26 494
136 354
670 739
620 442
711 13
500 456
94 865
451 772
433 305
217 490
370 972
387 448
852 20
340 480
676 346
969 464
328 424
666 336
33 853
505 272
931 876
714 100
880 836
97 110
685 293
232 659
268 171
287 89
770 37
118 631
736 242
664 591
827 45
495 139
339 503
99 323
441 331
962 767
85 892
910 839
487 612
83 48
526 350
793 143
595 791
299 178
447 458
713 480
417 163
863 946
359 231
871 595
755 202
835 314
677 779
199 443
844 31
773 376
196 350
887 188
48 687
621 670
33 221
808 837
826 402
369 101
879 420
82 898
782 377
344 357
109 91
220 788
192 681
137 248
859 621
449 62
660 652
627 595
222 277
901 230
543 817
434 317
718 470
868 510
908 533
198 189
844 327
293 199
359 330
752 238
473 963
917 914
226 157
706 659
14 722
622 897
112 284
133 4
295 947
204 708
633 974
211 160
61 884
602 186
404 537
10 688
616 811
836 612
837 205
699 292
28 99
520 593
875 801
390 687
193 671
788 630
127 818
129 439
202 711
901 817
793 984
214 658
900 82
932 309
223 960
538 908
266 203
336 701
244 478
149 158
243 47
50 534
707 924
144 581
106 285
128 151
370 150
83 699
306 986
20 28
318 281
854 703
566 227
548 554
327 725
826 340
518 134
885 823
7 903
212 875
363 769
366 500
996 107
964 457
345 191
937 579
464 283
852 537
943 322
344 496
806 254
169 92
411 66
341 397
291 696
249 294
486 621
148 902
865 636
866 175
259 39
999 969
373 719
549 906
625 284
457 482
792 933
871 275
122 510
238 653
36 930
963 13
89 630
496 679
91 9
672 698
891 558
178 399
550 703
131 799
650 821
250 525
235 339
236 552
221 156
352 85
691 13
896 524
771 860
617 728
393 518
646 747
442 61
193 503
466 839
822 424
769 220
54 70
367 5
343 829
533 28
876 998
561 227
346 179
670 46
911 256
800 569
459 321
960 810
28 458
542 100
194 238
157 26
17 623
113 966
310 568
494 325
151 764
99 311
426 45
389 167
247 407
303 417
837 825
34 694
381 749
203 213
294 236
886 586
568 253
294 758
517 204
685 739
539 524
925 311
583 831
621 392
911 964
848 274
652 756
869 586
263 961
748 781
70 801
865 559
520 94
193 362
636 954
486 561
748 156
573 221
610 221
991 456
153 516
61 563
106 620
292 473
41 223
758 124
111 327
16 395
372 820
879 792
148 760
760 400
226 308
28 610
33 868
382 211
311 205
150 53
177 770
652 143
376 8
969 21
1 283
183 55
102 304
63 717
482 652
497 741
371 188
297 801
615 97
125 501
436 576
848 57
685 115
98 847
860 255
111 951
112 895
794 669
707 852
724 606
873 124
121 647
720 73
729 960
440 353
993 587
561 783
379 340
489 756
327 524
813 442
225 786
457 882
104 989
181 71
102 131
388 807
497 411
523 292
673 151
69 998
86 972
971 406
321 253
527 421
693 77
369 201
523 514
427 489
319 687
602 9
237 510
125 652
927 687
62 214
248 853
587 292
950 886
605 19
869 622
620 292
506 132
568 503
970 311
934 218
39 514
408 820
1000 610
331 448
792 878
721 404
47 388
982 545
253 687
986 684
715 422
516 157
735 811
98 444
465 999
377 243
509 502
127 59
454 281
576 223
832 73
49 369
430 214
72 942
642 454
865 247
478 546
45 901
407 738
46 422
34 335
430 833
990 409
168 464
444 613
391 46
453 407
896 500
872 979
391 959
2 762
867 908
318 512
29 723
301 846
763 933
591 349
175 787
324 256
107 912
383 807
684 32
578 575
923 908
158 139
507 295
988 686
826 177
332 138
684 183
175 830
483 270
184 817
251 826
640 53
708 844
527 264
103 906
471 678
330 566
275 139
644 379
94 438
169 797
744 903
991 221
759 81
246 396
160 439
826 868
683 949
633 514
788 447
8 251
783 374
307 425
36 681
939 606
645 369
964 990
307 470
734 403
538 422
630 192
443 790
209 968
448 128
399 283
770 885
53 887
644 846
277 419
593 866
709 352
410 417
847 502
124 823
982 815
92 277
3 380
379 438
171 910
707 720
482 709
124 934
654 573
417 514
658 215
37 517
719 89
353 848
318 962
836 795
333 510
989 291
2 815
901 833
866 558
98 900
617 652
512 736
182 44
242 763
280 36
727 146
675 253
570 397
276 16
336 267
245 885
484 147
980 760
802 232
397 772
750 658
404 444
981 582
671 286
637 203
197 643
974 325
589 18
517 821
518 22
42 471
354 453
691 136
879 114
186 982
575 80
759 279
724 510
872 169
363 558
61 827
138 548
829 943
388 833
34 629
882 849
977 611
762 779
490 566
456 890
682 456
387 236
952 279
998 612
763 175
529 299
891 570
70 853
363 221
1 882
917 836
949 371
257 989
13 450
597 44
464 856
528 621
419 890
684 924
687 31
867 264
912 347
205 980
520 784
248 329
799 454
891 545
657 425
72 919
606 980
511 272
945 374
417 701
269 692
509 303
715 588
438 789
633 203
944 682
11 837
672 921
785 414
914 826
862 668
331 980
634 743
263 656
874 54
72 196
422 904
426 583
779 457
907 28
466 836
672 871
196 109
90 1000
646 891
44 41
7 183
138 418
15 600
257 272
81 52
815 897
765 2
949 843
162 175
762 395
453 892
402 766
757 462
579 450
764 862
582 715
54 272
989 715
777 811
640 509
949 109
755 306
612 489
333 760
850 546
800 755
730 124
161 335
243 759
302 744
798 685
469 121
753 134
934 477
882 994
973 441
743 807
263 947
527 102
316 996
381 974
351 138
27 192
912 522
415 617
736 846
950 794
761 493
248 536
65 422
305 631
910 180
933 125
339 183
942 261
869 811
356 882
223 998
644 887
23 626
563 554
107 77
511 167
864 70
408 614
863 502
464 617
680 50
273 396
257 775
6 634
886 320
600 361
819 649
883 506
934 714
442 252
996 827
153 71
64 678
575 664
767 852
179 663
752 284
573 507
940 802
633 336
691 257
379 664
940 960
901 921
964 779
500 840
718 202
812 123
690 513
278 571
175 929
750 731
807 432
440 354
827 350
975 590
707 954
287 584
368 964
369 285
264 671
281 743
52 294
381 430
646 16
133 995
891 353
359 783
87 380
934 287
60 744
540 674
704 976
945 788
32 393
934 366
263 774
877 112
271 267
937 299
351 89
354 239
105 871
17 261
236 143
346 635
882 665
334 772
553 947
100 507
621 252
288 304
476 557
921 712
424 400
407 57
672 406
847 767
978 634
616 531
528 693
767 308
568 726
218 851
444 145
690 153
667 396
197 423
729 144
130 96
582 594
425 548
90 607
841 236
911 546
176 379
782 539
589 302
311 65
482 657
747 135
913 553
21 220
814 795
432 53
768 703
896 356
146 895
239 144
708 393
893 915
949 993
879 352
945 408
954 9
665 474
812 95
209 54
337 121
618 410
417 161
845 225
756 268
975 546
534 623
48 323
363 918
253 278
509 652
755 204
350 656
966 807
768 251
937 724
481 37
320 754
953 907
985 704
323 489
626 242
458 576
688 401
707 399
711 431
643 663
55 855
17 795
744 121
385 230
526 832
838 566
877 84
859 457
952 213
130 913
834 137
198 288
680 575
587 80
750 498
727 858
813 910
986 542
370 927
794 827
278 234
260 929
944 978
778 802
781 193
586 363
643 224
804 449
292 738
314 566
300 517
736 870
492 387
210 388
913 858
170 837
121 145
84 771
534 916
362 237
474 931
37 435
597 587
728 790
31 149
490 73
499 339
607 614
762 509
357 807
908 441
675 414
994 630
665 526
540 654
953 401
366 764
840 437
243 49
617 796
615 313
766 191
418 143
774 240
389 286
120 403
546 371
655 535
547 950
676 530
254 994
111 95
910 579
379 287
472 619
750 258
767 672
593 197
388 873
962 274
935 101
189 387
725 561
356 180
229 898
180 122
739 973
207 803
482 382
86 100
279 244
324 825
697 449
899 541
661 614
386 632
938 61
653 534
704 493
566 557
508 626
751 739
522 655
27 231
543 791
213 208
510 192
958 282
887 400
235 535
857 933
910 217
226 204
559 242
367 675
122 397
344 191
986 754
148 887
688 957
502 336
16 417
288 582
456 680
607 279
226 302
282 108
157 912
619 352
801 792
54 536
426 915
179 409
664 747
115 907
742 356
376 93
653 269
358 29
839 742
957 981
374 811
299 637
665 72
606 646
419 376
908 677
442 59
231 711
241 579
591 359
405 806
814 706
175 908
180 538
664 167
422 619
3 791
498 292
413 108
824 557
555 463
186 294
8 538
778 98
431 632
345 511
902 195
11 97
986 112
878 66
589 53
242 160
280 509
413 319
472 869
881 511
725 326
601 968
543 981
982 95
364 87
786 842
125 742
296 450
95 978
902 660
506 186
187 217
32 76
216 281
566 521
914 38
573 745
460 476
99 100
597 237
304 844
363 299
880 415
643 397
881 170
165 113
41 35
773 882
62 459
100 538
999 926
729 78
52 677
201 677
342 577
793 378
335 310
925 968
115 728
288 610
970 66
476 287
472 400
187 340
408 615
351 585
46 25
249 915
656 189
912 215
936 221
921 303
384 940
430 811
178 256
144 496
254 495
12 198
700 157
462 248
745 508
121 314
139 183
189 663
185 597
737 128
442 108
46 362
737 241
404 160
334 161
409 782
964 56
47 53
384 92
297 961
671 179
641 100
836 677
370 220
84 66
635 680
634 845
966 772
313 68
628 986
752 859
168 24
143 136
954 711
318 422
356 253
963 943
289 172
623 153
33 65
25 666
726 724
930 431
90 432
26 856
860 835
42 206
226 803
619 696
872 507
806 4
274 493
955 622
703 388
908 620
835 532
251 461
92 975
717 552
285 668
70 914
259 998
109 952
269 801
645 428
226 244
246 243
265 976
430 506
58 941
645 573
502 408
141 206
957 364
432 377
16 120
325 2
617 628
123 855
887 924
65 878
755 269
340 705
947 475
767 250
54 883
182 292
20 711
434 726
495 807
542 708
84 718
89 880
76 878
519 300
573 65
634 540
842 481
208 461
851 277
659 710
687 728
333 698
75 277
464 246
997 980
889 571
393 830
806 698
293 989
132 605
82 716
693 284
141 965
464 268
530 715
536 72
830 366
850 600
281 883
837 878
198 756
972 971
76 16
39 412
360 845
596 815
522 950
159 775
94 436
989 980
441 742
5 429
961 495
199 107
436 303
455 509
795 864
86 315
108 423
53 546
91 659
937 151
4 250
250 48
13 909
75 135
277 719
151 234
210 610
246 172
270 926
503 567
60 160
939 751
781 192
433 338
52 524
114 837
779 995
340 263
913 857
681 453
240 691
849 859
411 923
931 781
328 342
625 544
989 31
227 796
167 596
918 244
999 495
694 367
487 679
954 200
607 758
966 531
309 308
862 960
719 889
225 525
104 746
871 914
431 769
876 804
882 425
838 668
644 128
11 231
969 579
860 336
552 513
592 734
884 350
466 531
712 199
237 852
391 609
949 23
845 486
593 85
498 787
946 344
194 56
68 513
768 375
990 588
705 684
815 547
318 201
377 531
22 733
646 507
639 764
568 83
622 906
535 529
276 692
725 387
283 144
485 858
237 297
443 598
857 932
621 195
770 565
348 553
344 128
252 793
294 530
245 64
192 116
232 929
230 668
912 349
676 270
326 131
753 693
679 645
629 490
555 404
301 447
984 383
89 541
645 416
610 393
666 407
830 642
692 679
845 659
535 187
102 132
908 463
970 656
461 795
369 554
963 489
488 903
175 681
534 480
158 916
125 95
300 262
349 535
480 746
712 5
78 254
688 30
932 921
591 611
